      5.12652     0.457940
      5.15676     0.684705
      5.18700     0.677999
      5.21725     0.821422
      5.24749     0.996002
      5.27773     0.625088
      5.30797     0.822918
      5.33821     0.630769
      5.36846     0.546062
      5.39870     0.793327
      5.42894     0.696947
      5.45918     0.716678
      5.48942     0.666521
      5.51967     0.800434
      5.54991     0.829285
      5.58015     0.905060
      5.61039      1.24934
      5.64063      1.11868
      5.67088      1.30113
      5.70112      1.29023
      5.73136      1.35756
      5.76160      1.35405
      5.79184      1.65337
      5.82209      1.55421
      5.85233      1.83839
      5.88257      1.90383
      5.91281      1.99529
      5.94305      2.11454
      5.97330      2.45549
      6.00354      3.23992
      6.03378      3.62932
      6.06402      3.74680
      6.09426      3.93613
      6.12451      4.33922
      6.15475      5.66427
      6.18499      6.60504
      6.21523      7.88532
      6.24547      7.20884
      6.27572      6.64271
      6.30596      5.74965
      6.33620      5.12495
      6.36644      4.22384
      6.39668      3.99279
      6.42693      3.18477
      6.45717      2.92188
      6.48741      2.46989
      6.51765      2.37030
      6.54789      2.47547
      6.57814      2.84805
      6.60838      2.93480
      6.63862      3.01601
      6.66886      3.04087
      6.69910      3.09206
      6.72935      2.89392
      6.75959      2.86338
      6.78983      3.22846
      6.82007      3.49342
      6.85031      3.49584
      6.88056      3.43624
      6.91080      3.72733
      6.94104      3.72929
      6.97128      4.15106
      7.00152      3.81597
      7.03177      3.89445
      7.06201      3.94320
      7.09225      4.33442
      7.12249      4.58029
      7.15273      4.61140
      7.18298      4.62537
      7.21322      4.81303
      7.24346      4.96369
      7.27370      5.23970
      7.30394      5.57108
      7.33419      6.21055
      7.36443      6.60790
      7.39467      6.70137
      7.42491      7.22764
      7.45515      7.89254
      7.48540      8.19551
      7.51564      8.55239
      7.54588      8.85896
      7.57612      8.98915
      7.63660      9.77994
      7.69709      9.64390
      7.75757      9.33665
      7.81805      9.28417
      7.87854      8.99438
      7.93902      8.54702
      7.99951      7.78902
      8.05999      6.97593
      8.12047      6.47078
      8.18096      6.31307
      8.24144      6.22536
      8.30192      6.34380
      8.36241      5.97568
      8.42289      6.49588
      8.48337      6.55741
      8.54386      6.53308
      8.60434      6.69845
      8.66483      6.32125
      8.72531      5.97507
      8.78579      5.37553
      8.84628      4.40743
      8.90676      4.11834
      8.96724      3.79976
      9.02773      3.56280
      9.08821      3.67796
      9.14869      3.73656
      9.20918      3.61326
      9.26966      3.75966
      9.33015      3.52302
      9.39063      3.82723
      9.45111      3.68449
      9.51160      3.76882
      9.57208      3.83335
      9.63256      3.96216
      9.69305      4.09946
      9.75353      3.69938
      9.81401      3.45981
      9.87450      3.36249
      9.93498      3.32250
      9.99547      3.40971
      10.0560      3.42693
      10.1164      3.25252
      10.1769      3.45247
      10.2374      3.58716
      10.2979      3.47095
      10.3584      3.04878
      10.4188      3.55211
      10.4793      3.60865
      10.5398      4.05269
      10.6003      4.36953
      10.6608      4.31156
      10.7213      4.22324
      10.7817      4.43606
      10.8422      4.69748
      10.9027      4.52400
      10.9632      5.24671
      11.0237      6.02350
      11.0842      6.45501
      11.1447      9.55730
      11.2051      15.7743
      11.2656      18.8188
      11.3261      16.3953
      11.3866      12.9559
      11.4471      10.9714
      11.5076      8.81279
      11.5680      8.25530
      11.6285      7.34823
      11.6890      6.57644
      11.7495      6.39564
      11.8100      6.37571
      11.8705      6.40761
      11.9309      6.74644
      11.9914      6.72679
      12.0519      6.62822
      12.1124      6.26290
      12.1729      6.73790
      12.2334      6.99193
      12.2938      7.51022
      12.3543      7.15214
      12.4148      7.21956
      12.4753      6.82969
      12.5358      7.27291
      12.5963      7.50998
      12.6567      7.93227
      12.7172      8.77602
      12.7777      8.60541
      12.8382      7.85934
      12.8987      7.07254
      12.9592      6.24075
      13.0197      6.25094
      13.0801      5.95572
      13.1406      5.81469
      13.2011      5.98347
      13.2616      5.79360
      13.3221      5.80803
      13.3826      5.96842
      13.4430      5.89591
      13.5035      5.86692
      13.5640      6.11421
      13.6245      5.83408
      13.6850      5.29668
      13.7455      5.06305
      13.8059      5.21899
      13.8664      5.02141
      13.9269      4.67135
      13.9874      4.98770
      14.0479      5.18789
      14.1083      5.14042
      14.1688      6.19517
      14.2293      6.37947
      14.2387      5.37474
      14.2898      5.32184
      14.3234      6.32657
      14.4081      6.67651
      14.4927      7.18237
      14.5774      5.98344
      14.6621      6.62957
      14.7468      6.33866
      14.8315      6.96951
      14.9161      8.04872
      15.0008      5.93437
      15.0855      7.76858
      15.1701      6.98829
      15.2548      9.04247
      15.3395      6.11588
      15.4242      7.87264
      15.5089      8.26509
      15.5935      9.95520
      15.6782      10.6983
      15.7629      10.0344
      15.8476      10.5924
      15.9322      11.2658
      16.0169      12.2787
      16.1016      15.1392
      16.1863      15.2301
      16.2710      15.0881
      16.3556      15.3321
      16.4403      16.8200
      16.5250      17.1359
      16.6097      16.6597
      16.6943      16.9048
      16.7790      16.2920
      16.8637      16.5991
      16.9484      20.1875
      17.0330      21.8098
      17.1177      20.0398
      17.2024      21.2447
      17.2871      19.4146
      17.3717      19.8301
      17.4564      18.9512
      17.5411      19.8444
      17.6258      19.0365
      17.7105      19.6682
      17.7951      21.9825
      17.8798      20.4277
      17.9645      18.4709
      18.0492      21.4649
      18.1338      22.8137
      18.2185      23.7439
      18.3032      22.1286
      18.3879      18.2540
      18.4725      20.0192
      18.5572      19.7350
      18.6419      23.3904
      18.7266      22.1161
      18.8113      22.4063
      18.8959      23.6068
      18.9806      22.6448
      19.0653      23.1428
      19.1500      25.0039
      19.2346      28.2200
      19.3193      22.5120
      19.4040      23.2515
      19.4887      24.1433
      19.5734      24.2120
      19.6580      25.6334
      19.7427      25.8492
      19.8274      26.6937
      19.9121      27.9179
      19.9967      28.2091
      20.0814      28.3090
      20.1661      28.1722
      20.2508      26.6597
      20.3354      28.2241
      20.4201      29.4633
      20.5048      27.2770
      20.5895      30.4057
      20.7588      31.4617
      20.9282      29.8378
      21.0975      31.9766
      21.2669      32.6275
      21.4362      31.5754
      21.6056      30.3183
      21.7750      32.1330
      21.9443      33.2866
      22.1137      34.8903
      22.2830      33.3006
      22.4524      33.4752
      22.6217      39.1022
      22.7911      35.8206
      22.9604      37.7105
      23.1298      37.6869
      23.2991      35.8466
      23.4685      38.4919
      23.6378      37.4759
      23.8072      38.3097
      23.9765      39.0948
      24.1459      39.0234
      24.3153      39.4308
      24.4846      42.9066
      24.6540      41.6969
      24.8233      45.9780
      24.9927      46.4288
      25.1620      43.8718
      25.3314      45.5205
      25.5007      42.0084
      25.6701      44.1041
      25.8394      47.4837
      26.0088      46.2965
      26.1782      46.3024
      26.3475      48.7231
      26.5168      49.6445
      26.6862      49.6568
      26.8556      51.1574
      27.0249      50.0052
      27.1943      50.5284
      27.3636      53.3801
      27.5330      56.2445
      27.7023      55.7417
      27.8717      56.8574
      28.0410      57.4396
      28.2104      58.7167
      28.3797      57.5562
      28.5491      58.6398
      28.7185      59.0221
      28.8878      63.3839
      29.0572      63.6623
      29.2265      60.7364
      29.3959      59.7834
      29.5652      63.9552
      29.7346      67.3494
      29.9039      66.2794
      30.0733      66.5756
      30.2426      67.4631
      30.4120      68.8674
      30.5813      68.8976
      30.7507      73.4634
      30.9200      73.0200
      31.0894      73.1908
      31.2588      76.2478
      31.4281      75.7284
      31.5975      72.5818
      31.7668      75.9265
      31.9362      79.9185
      32.1055      80.1679
      32.2749      77.1030
      32.4442      83.4465
      32.6136      82.1596
      32.7829      77.0666
      32.9523      83.4060
      33.1217      83.9103
      33.2910      83.4116
      33.4604      83.1625
      33.6297      81.7431
      33.7991      85.5358
      33.9684      89.0476
      34.1378      92.9646
      34.3071      88.0047
      34.4765      102.310
      34.6458      103.639
      34.8152      102.254
      34.9845      106.352
      35.1539      99.1689
      35.3232      89.8099
      35.4926      106.242
      35.6620      100.630
      35.8313      99.3003
      36.0007      103.370
      36.1700      105.686
      36.3394      113.631
      36.5087      120.612
      36.6781      97.5223
      36.8474      110.708
